power2: 64
0000000000000000000000000000000000000000000000000000000000000000
0000000000000000000000000000000000000000000000000000000000000000
0000000000000000000000000000000000000000000000000000000000000000
0000000000000000000000000000000000000000000000000000000000000000
1111111100000000000000000000000000000000000000000000000000000000
1111111100000000000000000000000000000000000000000000000000000000
1111111100000000000000000000000000000000000000000000000000000000
1111111100000000000000000000000000000000000000000000000000000000
0000000000000000000000000000000000000000000000000000000000000000
0000000000000000000000000000000000000000000000000000000000000000
0000000000000000000000000000000000000000000000000000000000000000
0000000000000000000000000000000000000000000000000000000000000000
1111111100000000000000000000000000000000000000000000000000000000
1111111100000000000000000000000000000000000000000000000000000000
1111111100000000000000000000000000000000000000000000000000000000
1111111100000000000000000000000000000000000000000000000000000000
0000000000000000111111111111111111111111000000000000000000000000
0000000000000000111111111111111111111111000000000000000000000000
0000000000000000111111111111111111111111000000000000000000000000
0000000000000000111111111111111111111111000000000000000000000000
0000000000000000111111110000000011111111000000000000000000000000
0000000000000000111111110000000011111111000000000000000000000000
0000000000000000111111110000000011111111000000000000000000000000
0000000000000000111111110000000011111111000000000000000000000000
1111111100000000111111110000000011111111000000000000000000000000
1111111100000000111111110000000011111111000000000000000000000000
1111111100000000111111110000000011111111000000000000000000000000
1111111100000000111111110000000011111111000000000000000000000000
1111111100000000111111110000000011111111000000000000000000000000
1111111100000000111111110000000011111111000000000000000000000000
1111111100000000111111110000000011111111000000000000000000000000
1111111100000000111111110000000011111111000000000000000000000000
0000000000000000000000000000000000000000000000000000000000000000
0000000000000000000000000000000000000000000000000000000000000000
0000000000000000000000000000000000000000000000000000000000000000
0000000000000000000000000000000000000000000000000000000000000000
0000000000000000000000000000000000000000000000000000000000000000
0000000000000000000000000000000000000000000000000000000000000000
0000000000000000000000000000000000000000000000000000000000000000
0000000000000000000000000000000000000000000000000000000000000000
0000000000000000000000000000000000000000000000000000000000000000
0000000000000000000000000000000000000000000000000000000000000000
0000000000000000000000000000000000000000000000000000000000000000
0000000000000000000000000000000000000000000000000000000000000000
0000000000000000000000000000000000000000000000000000000000000000
0000000000000000000000000000000000000000000000000000000000000000
0000000000000000000000000000000000000000000000000000000000000000
0000000000000000000000000000000000000000000000000000000000000000
0000000000000000000000000000000000000000000000000000000000000000
0000000000000000000000000000000000000000000000000000000000000000
0000000000000000000000000000000000000000000000000000000000000000
0000000000000000000000000000000000000000000000000000000000000000
0000000000000000000000000000000000000000000000000000000000000000
0000000000000000000000000000000000000000000000000000000000000000
0000000000000000000000000000000000000000000000000000000000000000
0000000000000000000000000000000000000000000000000000000000000000
0000000000000000000000000000000000000000000000000000000000000000
0000000000000000000000000000000000000000000000000000000000000000
0000000000000000000000000000000000000000000000000000000000000000
0000000000000000000000000000000000000000000000000000000000000000
0000000000000000000000000000000000000000000000000000000000000000
0000000000000000000000000000000000000000000000000000000000000000
0000000000000000000000000000000000000000000000000000000000000000
0000000000000000000000000000000000000000000000000000000000000000
